avg: 14.523029286967219
std: 0.6884935944837137