setup (ms)
avg: 3.4076542815126047
std: 1.758068279483273

teardown (ms)
avg: 0.07122910014005601
std: 0.01934852630594345